orig_2pcf mean = [19273.45473543  2684.99650019  2337.79985787   667.38151298
   841.4734427    297.61687412   430.3013796    173.08144101
   261.00422845   108.99587396   172.7567028     77.91038024
   125.48915681    60.59065747]
orig_2pcf var =  [ 411.00271469  785.62857873  724.36774533 1083.8256682  1240.62220842
 1188.27820757 1153.62372073  812.40696788 1214.23392149 1013.98884898
 1230.12213193  930.44802233 1375.39567441  854.28704998]
incomp_2pcf mean =  [19345.07986869  2705.52579211  2366.83838341   677.20268611
   857.35565574   301.75272597   443.32946706   176.44313492
   268.71216844   111.40020859   180.84255005    81.79657711
   129.96722073    60.09349518]
incomp_2pcf var =  [1592.93454713 1694.5940792  1508.85432411 1941.92634389 2001.84601046
 2047.96116    1610.94845871 1666.83640569 1906.60820497 2393.1155466
 2014.46101789 1569.28036298 2475.5389925  1704.321318  ]
