orig_2pcf mean = [266.99884989 122.23216265  89.80183418  64.20819292  54.35858305
  44.07915564  39.34818848  33.83911831  31.02935889  27.53679244
  25.65428761  23.26603579  21.92755252  20.17128208]
orig_2pcf var =  [0.00863462 0.03489408 0.05659858 0.07822759 0.09749772 0.10687559
 0.11494324 0.13144213 0.15952492 0.17735673 0.21471388 0.22256772
 0.26629812 0.30805108]
incomp_2pcf mean =  [268.45579911 123.62730589  91.32747416  65.69858444  55.92972383
  45.63986817  40.93558801  35.3890497   32.59523564  29.08796204
  27.27230282  24.88381626  23.55580533  21.79810801]
incomp_2pcf var =  [3.42428282 3.57451865 3.66328984 3.66100644 3.81267953 3.78053989
 3.79436357 3.81734832 3.96703617 3.99876943 4.1923866  4.32354916
 4.42341346 4.4280265 ]
