6.346085e+00 4.051091e+04 8.848585e+03 9.748618e+04 -2.239390e+01 -8.834388e+01 -3.203462e+02 5.706658e+00 9.596589e-04
6.346085e+00 4.502707e+04 3.990459e+04 5.399258e+04 -1.996463e+02 -3.842405e+02 -9.315616e+01 5.704610e+00 6.229087e-04
6.346085e+00 3.773736e+04 5.112771e+04 4.660023e+04 -2.806081e+02 -3.748683e+02 3.036276e+02 5.717027e+00 4.006626e-03
6.346085e+00 6.931200e+04 7.394777e+03 6.234063e+04 -2.512383e+02 -1.069202e+02 1.884690e+02 5.972349e+00 3.488276e-03
6.045055e+00 4.538450e+04 3.985879e+04 5.374664e+04 4.563516e+02 -1.199723e+02 1.009768e+02 5.744309e+00 1.798360e-03
6.346085e+00 2.259781e+04 4.116474e+04 4.541069e+04 4.409445e+02 1.204464e+02 -6.296297e+01 5.731841e+00 5.920308e-04
6.346085e+00 9.405242e+04 4.329957e+04 9.107640e+04 -1.705936e+02 -4.808762e+02 1.855981e+02 5.705583e+00 6.010801e-04
6.346085e+00 3.844939e+03 3.661306e+04 7.258202e+04 -2.415988e+01 1.457527e+02 2.408638e+02 5.730923e+00 5.602839e-04
6.346085e+00 4.313085e+04 3.913584e+04 5.407436e+04 4.216083e+01 -8.129159e+01 3.512520e+02 5.705142e+00 6.112984e-04
6.346085e+00 2.077054e+04 7.179851e+04 9.124267e+04 6.415703e+02 9.935926e+01 5.027309e+02 5.745956e+00 1.177726e-03
6.346085e+00 7.433712e+04 7.425093e+04 5.924085e+04 -1.057258e+00 -2.389023e+02 -1.691081e+02 5.704358e+00 7.164164e-04
6.346085e+00 4.732250e+04 9.079942e+04 9.287896e+03 2.288911e+02 -4.038723e+02 -8.694015e+02 5.706633e+00 7.927293e-04
6.346085e+00 8.040338e+04 1.132539e+04 2.947431e+04 -1.046657e+02 -1.860101e+02 -5.976509e+02 5.714254e+00 2.333101e-03
6.346085e+00 7.340588e+04 4.239520e+04 3.770322e+04 -8.172693e+02 1.744245e+02 -9.223891e+01 5.772386e+00 6.934859e-03
6.346085e+00 1.979594e+04 4.760279e+04 5.968089e+04 5.834890e+02 -2.363771e+02 -5.550406e+01 5.754714e+00 1.976191e-03
6.346085e+00 3.992507e+04 2.201359e+04 6.319033e+04 2.487791e+02 5.897704e+02 -1.191172e+01 5.705040e+00 1.218169e-03
6.346085e+00 7.755390e+04 2.175601e+04 6.255255e+03 -1.474274e+01 -3.427251e+02 5.171500e+02 5.704820e+00 4.987624e-04
6.346085e+00 8.174643e+04 2.762970e+04 1.834741e+04 1.462846e+02 -6.124071e+02 -2.711768e+02 5.705077e+00 1.174626e-03
6.346085e+00 9.205298e+04 4.190066e+04 6.139754e+04 -1.758049e+02 2.641902e+02 1.394601e+02 5.704470e+00 9.797337e-04
6.045055e+00 1.923191e+04 1.775067e+04 1.935902e+04 5.983517e+01 4.368950e+02 -3.301076e+02 5.748637e+00 1.067137e-03
6.346085e+00 6.285119e+04 9.193890e+04 2.099134e+01 -8.768707e+01 1.410502e+02 3.787210e+02 5.707078e+00 8.570095e-04
6.346085e+00 9.985930e+04 9.595205e+04 1.809158e+03 2.882710e+02 2.280768e+02 4.008184e+02 5.750775e+00 1.396707e-03
6.045055e+00 1.203173e+04 8.318890e+04 9.880169e+04 1.625655e+02 -1.797430e+02 2.773223e+02 5.709612e+00 1.894010e-03
6.346085e+00 3.881153e+04 8.687774e+04 2.445563e+04 4.195792e+02 -3.148703e+02 -7.196619e+02 5.778359e+00 1.015887e-03
6.045055e+00 8.259858e+04 5.063785e+04 2.360945e+04 -6.734116e+02 -1.535346e+00 8.366173e+01 5.709388e+00 1.356066e-03
6.346085e+00 1.862014e+04 4.919889e+04 5.946780e+04 7.597670e+02 -7.780953e+02 2.664711e+02 5.702246e+00 3.346986e-04
6.346085e+00 7.391648e+04 7.367576e+04 5.906193e+04 1.154500e+02 -2.658097e+02 -9.970750e+01 5.705297e+00 7.742899e-04
6.045055e+00 4.414605e+04 4.009250e+04 6.124916e+04 -3.259137e+02 3.472581e+02 -5.122725e+02 5.705133e+00 9.495701e-04
6.346085e+00 4.797294e+04 3.833605e+04 5.033470e+04 6.025286e+00 1.332713e+02 4.003204e+02 5.730220e+00 1.082269e-03
6.346085e+00 3.748179e+04 3.991512e+04 6.044410e+04 1.880300e+02 1.056267e+02 -3.614520e+01 5.725702e+00 4.404826e-04
6.346085e+00 6.026882e+04 6.505000e+04 3.242489e+04 5.337311e+02 -8.594061e+01 -1.840636e+02 5.748875e+00 2.123094e-03
6.045055e+00 3.205444e+04 4.099679e+04 7.128770e+04 5.369038e+02 4.270374e+01 -8.314523e+02 5.708236e+00 1.330495e-03
6.045055e+00 7.170505e+04 7.208609e+04 3.484915e+04 -1.825240e+02 -2.504196e+02 1.398989e+02 5.707698e+00 9.518642e-04
6.346085e+00 5.055023e+04 9.168504e+04 1.072248e+04 5.279683e+02 -7.527861e+02 -5.513951e+02 5.702640e+00 3.660352e-04
6.045055e+00 5.031732e+04 4.137915e+04 6.123768e+04 -5.453148e+02 1.135793e+02 -5.433965e+02 5.751814e+00 2.196098e-03
6.045055e+00 7.913777e+04 1.927852e+04 1.447914e+04 2.395418e+02 -8.296387e+01 -7.258854e+00 5.704790e+00 9.131187e-04
6.346085e+00 6.494756e+04 6.459909e+04 4.086086e+04 8.207528e+01 -3.320151e+02 -4.371332e+02 5.706623e+00 8.114649e-04
6.346085e+00 4.209356e+04 3.853256e+04 5.546650e+04 2.131781e+02 4.642841e+02 -3.113722e+02 5.709148e+00 1.190303e-03
6.346085e+00 5.668901e+03 1.276762e+04 1.983279e+04 -1.986818e+02 -3.281324e+02 -2.273448e+02 5.710100e+00 1.099352e-03
6.346085e+00 3.226041e+04 4.217934e+04 6.966399e+04 5.581549e+02 -2.118418e+02 -5.973772e+02 5.712064e+00 2.889663e-03
6.045055e+00 7.276834e+04 4.200786e+04 3.627434e+04 -2.054519e+02 1.629099e+02 -1.338103e+02 5.761208e+00 2.907476e-03
6.346085e+00 2.071054e+04 4.898287e+04 5.824268e+04 4.398331e+02 -7.689022e+02 6.535719e+02 5.707656e+00 1.059482e-03
6.346085e+00 5.019414e+04 9.882255e+04 9.085664e+04 -6.363558e+02 6.084261e+02 -2.640782e+02 5.711196e+00 1.399185e-03
6.346085e+00 4.163836e+04 3.862140e+04 5.388146e+04 2.408487e+02 4.045182e+02 3.477461e+02 5.711898e+00 2.156006e-03
6.346085e+00 3.713561e+04 3.981332e+04 6.067429e+04 5.735775e+02 2.964174e+02 -9.719952e+01 5.833146e+00 1.567399e-03
6.346085e+00 6.698334e+04 1.425071e+04 5.399871e+04 -3.375350e+02 5.727057e+02 -1.560018e+02 5.774414e+00 2.276584e-03
6.346085e+00 7.188563e+03 1.079487e+04 1.113057e+04 -3.325536e+02 3.346261e+01 -4.705432e+02 5.737034e+00 1.926926e-03
6.346085e+00 1.536271e+04 3.211854e+04 4.336639e+04 7.500201e+02 -4.470776e+00 9.777554e+01 5.713359e+00 3.332862e-03
6.346085e+00 3.785679e+04 4.346727e+04 6.857799e+04 -1.088265e+02 -4.932374e+02 -4.911658e+02 5.776954e+00 2.273641e-03
6.346085e+00 3.854568e+04 4.366984e+04 6.528490e+04 8.246954e+01 -3.501914e+02 -4.630648e+02 5.848573e+00 3.223315e-03
6.346085e+00 1.694296e+04 2.525254e+04 4.026611e+04 3.074710e+02 4.829098e+02 1.326851e+02 5.743105e+00 1.782077e-03
6.346085e+00 6.961281e+03 1.142614e+04 9.915590e+03 -2.341003e+02 2.850902e+02 5.365520e+02 5.756393e+00 1.506571e-03
6.346085e+00 1.042613e+04 9.777340e+03 9.772143e+04 3.004057e+02 -1.182974e+02 4.118137e+02 5.896114e+00 2.613302e-03
6.346085e+00 6.933080e+04 7.421564e+03 6.233946e+04 -6.473167e+01 5.628967e+02 2.504949e+02 5.905982e+00 4.099117e-03
6.346085e+00 6.112685e+04 9.027320e+04 2.074139e+04 1.663836e+02 -6.999202e+02 -4.619575e+01 5.822188e+00 2.493785e-03
6.346085e+00 7.662966e+04 7.411895e+04 5.801781e+04 -4.242007e+02 -3.468206e+02 -9.416592e+01 5.887722e+00 8.601090e-03
6.346085e+00 7.879808e+04 2.642036e+04 8.880889e+04 5.563131e+01 5.032699e+02 2.852362e+02 5.705827e+00 4.919435e-04
6.346085e+00 5.556906e+04 9.220341e+04 4.836547e+04 6.909261e+02 2.367026e+02 -3.512109e+01 5.706152e+00 7.247253e-04
6.346085e+00 4.638638e+04 9.045639e+04 8.125180e+03 2.205070e+02 -2.263190e+02 -3.986643e+02 5.704131e+00 5.129146e-04
6.346085e+00 6.032503e+04 8.957532e+04 2.288381e+04 8.732452e+00 -5.903917e+02 3.123350e+01 5.823417e+00 3.388005e-03
6.045055e+00 1.513467e+04 3.201874e+04 4.410085e+04 9.582357e+02 5.150821e+01 -3.655452e+02 5.773707e+00 7.122075e-03
6.346085e+00 5.607102e+04 6.899433e+04 2.365600e+04 1.903851e+02 -5.508309e+02 3.730494e+01 5.731779e+00 6.166439e-04
6.346085e+00 1.902569e+04 4.836424e+04 5.776733e+04 5.672790e+02 -3.062384e+02 4.543892e+02 5.797749e+00 6.934407e-03
6.346085e+00 5.604070e+03 4.490816e+04 9.918201e+04 -1.158470e+02 2.634659e+01 2.265751e+02 5.930114e+00 3.481650e-03
6.346085e+00 8.207482e+04 5.078005e+04 2.347276e+04 -3.262229e+02 1.160470e+02 2.639073e+02 5.706396e+00 1.281311e-03
6.346085e+00 4.605899e+04 4.005438e+04 5.340584e+04 -3.706048e+02 -7.461197e+01 1.454686e+02 5.726586e+00 2.975336e-04
6.045055e+00 4.040300e+04 9.694332e+04 8.181994e+04 -1.231761e+02 -3.166720e+02 9.912053e+02 5.706728e+00 1.235180e-03
6.346085e+00 3.289183e+04 4.141401e+04 6.945405e+04 3.299162e+01 1.972356e+02 -1.659442e+02 5.706928e+00 8.831282e-04
6.346085e+00 3.022139e+04 8.878895e+04 8.607719e+04 2.354933e+02 5.468898e+02 5.163395e+02 5.876699e+00 4.393700e-03
