6.346085e+00 4.507192e+04 3.980511e+04 5.396867e+04 4.424359e+02 -3.862274e+02 1.069741e+02 5.746840e+00 7.648284e-04
6.346085e+00 7.316911e+04 5.803265e+04 3.242564e+04 -7.822073e+01 3.876719e+02 1.769097e+02 5.710128e+00 1.490646e-03
6.346085e+00 1.966106e+04 2.272403e+04 1.328851e+03 1.230115e+02 -4.632819e+02 -1.642443e+02 5.722363e+00 4.491756e-04
6.045055e+00 7.273568e+04 4.205545e+04 3.626546e+04 -2.853221e+02 3.163143e+01 -6.246244e+01 5.885586e+00 3.941444e-03
6.346085e+00 3.955871e+04 3.638114e+04 5.034364e+04 3.632896e+02 4.454404e+02 5.698535e+02 5.740058e+00 1.584678e-03
6.346085e+00 7.754480e+04 2.169581e+04 6.360085e+03 -2.525475e+01 -2.988384e+02 4.395631e+02 5.753727e+00 9.654629e-04
6.346085e+00 7.249058e+04 1.569783e+04 2.187791e+04 2.617712e+02 -4.861958e+02 -2.467581e+02 5.763105e+00 1.140266e-03
6.346085e+00 6.057888e+04 2.923909e+04 1.140532e+04 5.115739e+02 -2.450256e+02 -1.384730e+02 5.727325e+00 3.908953e-04
6.346085e+00 5.066428e+04 9.151155e+04 1.060145e+04 5.311917e+02 -8.923215e+02 -6.036092e+02 5.728198e+00 3.315354e-04
6.346085e+00 8.417882e+04 3.420106e+04 8.671265e+04 -6.744479e+02 6.156834e+01 -4.000740e+01 5.709730e+00 6.472365e-04
6.346085e+00 8.212228e+04 8.843959e+04 2.545735e+04 -3.810423e+01 -3.025906e+01 1.695953e+01 5.713338e+00 1.459391e-03
6.346085e+00 9.198048e+04 9.933896e+04 2.319552e+04 -1.185988e+02 2.285531e+02 -2.857292e+02 5.708761e+00 5.184229e-04
6.346085e+00 2.713756e+04 4.757325e+04 7.692815e+04 4.915670e+02 -5.500749e+01 -5.881098e+02 5.799693e+00 3.580104e-03
6.045055e+00 3.007243e+04 4.477566e+04 6.947299e+04 2.436327e+02 -6.222985e+02 -5.913621e+02 5.749652e+00 1.342826e-03
6.045055e+00 7.941075e+04 1.890064e+04 1.452101e+04 -2.438827e+02 -5.735388e+01 7.652358e+01 5.713405e+00 1.161703e-03
6.346085e+00 4.893048e+04 6.740803e+03 9.315763e+04 1.655182e+02 6.127951e+01 -2.726039e+02 5.709466e+00 5.422376e-04
6.346085e+00 9.295316e+04 9.654138e+04 3.099537e+04 -3.498747e+02 2.942577e+01 -5.230722e+02 5.707431e+00 3.467615e-04
6.346085e+00 3.856359e+04 4.356710e+04 6.518124e+04 1.333391e+02 -5.015145e+02 -4.570175e+02 6.123496e+00 1.149889e-02
6.346085e+00 2.270022e+04 4.119223e+04 4.544718e+04 4.592647e+02 1.034429e+02 1.618094e+02 5.816203e+00 1.631119e-03
6.346085e+00 1.048574e+04 9.759363e+03 9.781402e+04 2.238602e+02 -7.707359e+01 4.380314e+02 6.049596e+00 2.026144e-03
6.346085e+00 4.338759e+04 7.659373e+04 6.914314e+04 -7.518543e+01 -7.542913e+02 3.411888e+02 5.705623e+00 2.444699e-04
6.346085e+00 9.989743e+04 9.601166e+04 1.876085e+03 2.493228e+02 3.496280e+02 -4.377317e+00 5.877266e+00 3.886112e-03
6.346085e+00 8.237488e+04 8.763448e+04 2.538046e+04 -7.484899e+01 8.264368e+01 1.926603e+02 5.714765e+00 2.102943e-04
6.346085e+00 3.303550e+04 3.506239e+04 3.544831e+04 -5.041010e+02 1.216284e+02 1.940440e+02 5.741333e+00 9.048557e-04
6.346085e+00 9.292181e+04 5.724745e+02 2.061378e+04 -4.350323e+02 -7.588664e+01 1.684712e+02 5.737207e+00 3.674407e-04
6.346085e+00 2.078137e+04 4.885099e+04 5.833990e+04 4.042177e+02 -7.437112e+02 3.934122e+02 5.853057e+00 2.884498e-03
6.045055e+00 4.523085e+04 2.922159e+04 7.629534e+04 -9.563914e+01 2.972658e+02 -5.545161e+02 5.781493e+00 1.911247e-03
6.346085e+00 5.630404e+03 1.270702e+04 1.978293e+04 -1.425399e+02 -2.456831e+02 -2.541650e+02 5.845686e+00 2.718957e-03
6.346085e+00 2.582974e+04 5.414744e+04 9.159664e+04 3.401040e+02 7.623278e+01 -2.383269e+02 5.707797e+00 1.008622e-03
6.346085e+00 7.117160e+04 8.698646e+04 7.297836e+03 -2.672854e+02 1.349681e+01 6.105104e+02 5.770156e+00 2.970498e-03
6.346085e+00 5.074266e+04 9.197313e+04 8.879497e+03 1.828211e+02 -5.743224e+02 1.011600e+02 5.709306e+00 7.644777e-04
6.346085e+00 6.036307e+04 6.503231e+04 3.236135e+04 5.037692e+02 -1.019250e+02 -1.239671e+02 5.889341e+00 3.070036e-03
6.346085e+00 7.268333e+04 5.900104e+04 3.219428e+04 1.006942e+02 -3.209824e+01 2.297061e+02 5.769368e+00 2.399029e-03
6.346085e+00 1.714006e+04 6.014968e+04 6.783780e+04 2.806381e+02 -1.860589e+02 -9.183433e+01 5.764804e+00 2.104464e-03
6.346085e+00 3.838638e+03 3.663025e+04 7.259784e+04 4.965683e-01 1.203866e+02 1.851695e+02 5.829034e+00 2.107990e-03
6.346085e+00 7.054502e+04 2.304289e+04 3.770342e+03 -1.544156e+01 -3.143506e+02 2.546860e+02 5.710757e+00 1.092866e-03
6.045055e+00 2.535418e+04 3.466904e+04 5.566175e+04 5.728376e+02 1.806345e+02 -1.886177e+02 5.727939e+00 1.016243e-03
6.045055e+00 1.532353e+04 3.202638e+04 4.402524e+04 8.676400e+02 1.129964e+02 -4.014677e+02 5.921004e+00 2.590852e-03
6.346085e+00 2.202227e+04 4.200094e+04 4.531545e+04 3.349382e+02 -1.402294e+02 5.519138e+00 5.717044e+00 1.221906e-03
6.346085e+00 6.116964e+04 9.014330e+04 2.073271e+04 2.086235e+02 -7.507167e+02 -7.617551e+01 5.946142e+00 4.083499e-03
6.346085e+00 2.532254e+04 7.813191e+04 8.757815e+04 4.454742e+02 -2.122309e+02 7.669283e+02 5.707332e+00 6.887104e-04
6.346085e+00 3.037649e+04 5.442170e+04 3.342586e+04 -7.790604e+01 -1.044081e+02 -1.122990e+02 5.739539e+00 4.374706e-03
6.346085e+00 5.612435e+04 6.884559e+04 2.368658e+04 6.475202e+02 7.015751e+01 1.516683e+02 5.821980e+00 8.585990e-04
6.346085e+00 8.679180e+04 7.687968e+04 6.730886e+04 -2.032978e+02 -3.060088e+02 -2.856495e+02 5.713561e+00 9.315317e-04
6.045055e+00 5.022350e+04 4.140950e+04 6.113105e+04 -2.649763e+02 1.037638e+02 -5.129682e+02 5.897958e+00 8.741193e-03
6.346085e+00 7.329856e+04 4.243331e+04 3.763580e+04 -4.725902e+02 2.228003e+02 -3.759669e+02 5.863941e+00 1.623746e-03
6.346085e+00 8.202430e+04 5.080568e+04 2.352324e+04 -3.009915e+02 2.723157e+02 2.246690e+02 5.808708e+00 5.409458e-03
6.045055e+00 5.497254e+04 7.060245e+04 2.636526e+04 2.259552e+02 -4.246973e+02 -5.426499e+02 5.708680e+00 1.377614e-03
6.346085e+00 2.317295e+04 3.919489e+04 5.629528e+04 7.855602e+02 -1.011742e+01 1.219648e+02 5.720020e+00 2.958424e-03
6.346085e+00 8.635230e+04 6.509241e+04 1.647908e+04 -4.602183e+02 9.136236e+01 2.542817e+02 5.776432e+00 2.429690e-03
6.346085e+00 1.824362e+04 3.462756e+04 4.217662e+04 6.770461e+02 -1.181750e+02 -1.225253e+02 5.761610e+00 1.517678e-03
6.346085e+00 7.142152e+04 1.752614e+04 6.403948e+04 -2.057965e+02 4.831803e+02 2.219048e+00 5.715144e+00 1.606481e-03
6.346085e+00 7.699023e+04 3.277261e+04 9.565678e+04 2.719154e+02 -1.532189e+02 -2.420578e+02 5.768505e+00 1.485299e-03
6.346085e+00 5.556843e+04 1.892353e+04 1.655943e+04 4.479462e+02 -8.751606e+01 -5.147667e+02 5.726935e+00 2.906480e-03
6.346085e+00 4.037055e+04 3.648336e+04 5.081524e+04 2.682750e+02 2.527101e+02 7.841467e+02 5.722852e+00 7.283596e-04
6.346085e+00 8.177562e+04 2.753407e+04 1.826921e+04 -6.840662e+01 -2.985154e+02 -4.093488e+02 5.788614e+00 2.981862e-03
6.346085e+00 9.493081e+04 5.636886e+04 3.433511e+04 -9.495952e+01 -1.794044e+01 -1.194684e+02 5.721010e+00 3.202312e-03
6.346085e+00 4.169450e+04 3.866964e+04 5.397035e+04 3.068547e+02 1.768578e+02 4.798868e+02 5.799456e+00 1.181966e-03
6.346085e+00 4.529420e+04 9.651467e+04 5.589028e+03 2.465025e+02 -3.158872e+02 -8.821534e+02 5.747697e+00 8.881347e-04
6.045055e+00 9.163641e+04 8.676323e+04 4.314153e+04 -3.018492e+02 -9.688936e+01 -2.833863e+02 5.723916e+00 1.450567e-03
6.346085e+00 2.373704e+04 5.023505e+04 2.950033e+03 1.262142e+01 -8.208103e+01 -4.889323e+01 5.713551e+00 1.514297e-03
6.346085e+00 5.547854e+04 9.509244e+04 6.490982e+04 -3.959623e+02 2.021205e+02 2.266960e+02 5.745426e+00 1.388565e-03
6.045055e+00 4.156091e+04 3.890416e+04 5.457964e+04 5.742471e+02 1.081718e+02 4.602017e+01 5.769864e+00 1.545010e-03
6.045055e+00 4.033186e+04 9.690181e+04 8.193571e+04 -3.259756e+02 -3.380779e+02 5.058846e+02 5.796266e+00 2.434924e-03
6.346085e+00 6.696712e+04 3.163971e+04 6.544642e+04 -4.684253e+02 1.439094e+02 -2.735764e+02 5.715619e+00 1.301265e-03
6.346085e+00 3.999740e+04 2.216470e+04 6.315182e+04 2.893628e+02 8.148305e+02 -1.592587e+02 5.777924e+00 4.127776e-04
6.346085e+00 7.604998e+04 4.803498e+04 2.245722e+04 -2.697218e+02 1.529193e+02 3.844566e+02 5.769898e+00 8.276303e-04
6.346085e+00 5.004852e+04 9.893053e+04 9.084046e+04 -7.399925e+02 5.271129e+02 -8.637433e+01 5.837486e+00 2.149495e-03
6.045055e+00 1.927141e+04 1.786588e+04 1.927537e+04 4.418630e+02 5.406311e+02 -5.063181e+02 5.814734e+00 1.177238e-03
6.346085e+00 6.689835e+04 1.738126e+04 7.548590e+04 -6.907959e+01 5.189798e+02 -1.778482e+02 5.708487e+00 3.945615e-04
6.045055e+00 4.967950e+03 9.652008e+04 2.896850e+04 -4.175363e+02 -8.227641e+01 -1.691770e+02 5.756512e+00 1.690213e-03
6.346085e+00 8.036280e+04 1.128483e+04 2.936072e+04 -1.791517e+02 -1.753320e+02 -5.098585e+02 5.855850e+00 2.969884e-03
6.346085e+00 3.585274e+04 4.196258e+04 6.951209e+04 1.864491e+02 -3.130233e+02 -3.067801e+02 5.705906e+00 3.782850e-04
6.346085e+00 5.240198e+04 8.742057e+04 8.896246e+03 -2.454066e+02 3.188501e+02 3.787835e+02 5.714737e+00 1.430933e-03
6.045055e+00 4.413514e+04 4.018677e+04 6.111695e+04 -4.620847e+01 5.170225e+02 -7.119694e+02 5.814446e+00 2.374998e-03
6.346085e+00 3.124483e+04 9.485413e+04 8.536262e+04 2.734896e+02 -1.949670e+02 2.010523e+02 5.719853e+00 1.758992e-03
6.346085e+00 5.220909e+04 1.444820e+04 9.616186e+04 2.533479e+02 -3.835269e+02 -3.012915e+02 5.725691e+00 3.270742e-03
6.346085e+00 1.700730e+04 2.532578e+04 4.024362e+04 2.469914e+02 3.426373e+02 -1.395543e+01 5.831087e+00 1.347691e-03
6.346085e+00 5.573365e+04 9.227086e+04 4.832148e+04 7.083914e+02 2.370268e+02 -3.393307e+02 5.765062e+00 7.919370e-04
6.346085e+00 6.361688e+04 3.869282e+04 5.556161e+04 -4.976650e+02 -9.778795e+00 -5.162827e+01 5.733734e+00 8.037762e-04
6.346085e+00 8.444712e+03 1.041641e+04 5.477320e+04 -1.353924e+02 4.940170e+02 -5.754995e+02 5.733706e+00 6.695872e-04
6.346085e+00 6.109080e+04 6.884638e+04 4.195388e+04 3.580022e+02 -4.012664e+02 -4.867646e+02 5.746358e+00 2.025750e-03
6.346085e+00 1.916856e+04 4.829350e+04 5.787725e+04 7.370231e+02 -3.409462e+02 5.019633e+02 6.001146e+00 4.213601e-03
6.346085e+00 2.118242e+04 7.022810e+03 2.000825e+04 -1.273956e+02 -2.119600e+02 -3.867747e+02 5.755716e+00 9.549449e-04
6.346085e+00 7.833340e+04 3.265638e+04 1.838910e+04 -1.079010e+02 -3.391505e+02 -1.005468e+02 5.705217e+00 3.898206e-04
6.346085e+00 2.099555e+04 7.206978e+04 9.117552e+04 4.819483e+02 -4.464746e+01 8.626128e+02 5.710254e+00 1.848401e-03
6.346085e+00 6.243270e+04 8.805955e+04 2.080338e+04 -2.645700e+02 2.639974e+02 -1.233041e+01 5.704692e+00 3.760252e-04
6.346085e+00 6.039742e+04 8.944697e+04 2.286100e+04 4.019307e+02 -7.539191e+02 -9.602277e+01 6.096247e+00 1.019823e-02
6.346085e+00 5.042634e+04 3.526182e+04 4.911594e+04 -5.159375e+01 4.580952e+02 7.448961e+02 5.706952e+00 8.169338e-04
6.045055e+00 8.245194e+04 5.067166e+04 2.362459e+04 -7.437532e+02 2.969435e+02 1.780889e+02 5.829228e+00 2.459915e-03
6.045055e+00 3.826251e+04 6.215021e+04 4.405677e+04 3.015608e+02 -8.894963e+02 -2.854614e+02 5.722115e+00 1.153849e-03
6.346085e+00 4.608014e+04 3.999234e+04 5.343644e+04 8.139572e+01 -2.594127e+02 3.614755e+02 5.781107e+00 1.887616e-03
6.346085e+00 1.975463e+03 9.438909e+04 1.909710e+04 -1.434841e+02 -2.637701e+02 -3.033568e+02 5.717812e+00 2.006609e-03
6.346085e+00 3.888514e+04 8.681212e+04 2.431808e+04 2.784935e+02 -2.144339e+02 -5.643942e+02 5.866469e+00 2.012677e-03
6.045055e+00 3.335847e+04 7.894520e+04 9.994348e+04 -5.842841e+02 1.401487e+02 6.477218e+01 5.764603e+00 1.693550e-03
6.346085e+00 8.223477e+03 8.058645e+04 7.584212e+04 -1.983974e+02 1.449549e+02 -1.254575e+02 5.717537e+00 1.487299e-03
6.045055e+00 1.920046e+04 4.839498e+04 5.920089e+04 1.072077e+03 -4.851931e+02 1.579514e+02 5.724697e+00 5.088262e-03
6.346085e+00 5.225287e+04 1.857689e+04 5.129107e+03 2.834045e+02 2.284653e+02 -1.432323e+02 5.706297e+00 5.301744e-04
6.346085e+00 5.199632e+04 8.616056e+04 1.082734e+04 1.478904e+02 1.885185e+02 -2.275988e+02 5.747562e+00 1.697331e-03
6.647115e+00 6.928952e+04 7.461979e+03 6.235811e+04 -1.606745e+02 2.055898e+02 -2.669534e+01 6.565563e+00 3.257645e-02
6.346085e+00 7.863142e+04 3.324402e+04 4.588203e+04 -5.949003e+02 3.169370e+02 -1.212515e+02 5.763498e+00 1.510858e-03
6.346085e+00 4.932623e+04 4.113427e+04 6.061698e+04 -4.012222e+02 1.181685e+02 -2.095884e+02 5.769339e+00 1.254427e-03
6.346085e+00 2.520697e+04 7.668502e+04 1.620723e+03 1.454076e+02 7.608617e+01 -4.007740e+02 5.718952e+00 1.573964e-03
6.346085e+00 8.077356e+04 8.992995e+04 8.727731e+04 1.615441e+02 1.471381e+02 -4.103923e+01 5.706317e+00 6.862208e-04
6.346085e+00 2.226149e+04 1.525327e+04 8.040573e+04 2.355269e+02 2.609105e+02 7.616817e+02 5.711645e+00 5.074054e-04
6.045055e+00 1.837758e+04 6.565399e+04 2.875297e+04 -2.325073e+00 -3.995367e+02 -6.588641e+01 5.710875e+00 9.323988e-04
6.346085e+00 6.282757e+04 9.196148e+04 8.384748e+01 -2.219190e+01 6.672202e+01 3.371672e+02 5.805819e+00 1.825313e-03
6.346085e+00 3.236771e+04 4.214135e+04 6.956966e+04 4.626619e+02 -2.142332e+02 -4.726293e+02 5.824935e+00 2.030061e-03
6.346085e+00 3.785372e+04 4.338169e+04 6.843745e+04 3.092236e+02 -6.492424e+02 -7.348301e+02 5.918762e+00 1.966987e-03
6.346085e+00 9.851378e+04 3.916241e+04 2.279452e+04 -2.027786e+02 3.614298e+01 -1.744136e+02 5.739282e+00 4.334494e-04
6.045055e+00 9.417841e+04 4.333422e+04 9.109800e+04 -7.082214e+02 -7.710827e+02 5.360281e+01 5.723348e+00 1.996300e-03
6.045055e+00 1.980881e+04 4.781159e+04 6.020218e+04 4.932133e+02 -2.104927e+02 -6.956685e+02 5.744597e+00 1.092615e-03
6.346085e+00 3.073188e+04 2.542154e+04 3.370889e+02 -1.427477e+02 -2.428435e+02 -1.981980e+02 5.710656e+00 5.827174e-04
6.346085e+00 3.034262e+04 8.944423e+04 8.615866e+04 2.036612e+02 1.026117e+02 5.791821e+02 5.775636e+00 3.935789e-03
6.346085e+00 3.723346e+04 3.988675e+04 6.065648e+04 4.596946e+02 3.538468e+02 -1.496772e+01 5.932830e+00 1.819857e-03
6.346085e+00 6.409022e+04 6.506513e+04 3.663734e+04 -2.121557e+01 -6.720462e+01 -3.538970e+02 5.706551e+00 6.488445e-04
6.346085e+00 5.266384e+04 1.847767e+04 6.365787e+04 4.080259e+02 7.165666e+02 -4.856945e+00 5.711890e+00 6.711324e-04
6.346085e+00 8.155362e+04 2.810773e+04 8.280647e+04 -4.939051e+02 8.831442e+02 5.341483e+01 5.726632e+00 5.505722e-04
6.346085e+00 5.087103e+04 4.173638e+04 6.084032e+04 -5.814003e+02 -7.256184e+02 -2.435065e+02 5.705859e+00 5.472925e-04
6.346085e+00 8.715582e+04 5.938100e+04 7.712089e+04 -4.546481e+01 2.086947e+01 5.280972e+01 5.708907e+00 8.652845e-04
6.346085e+00 1.278144e+04 8.276983e+04 2.188320e+04 -5.407023e+02 -9.214643e+01 -5.566021e+02 5.710078e+00 7.629607e-04
6.346085e+00 2.275490e+04 3.337534e+04 3.733090e+04 -2.470058e+02 7.164933e+02 5.157511e+02 5.708574e+00 4.027929e-04
6.346085e+00 5.815671e+04 6.381821e+04 5.705552e+04 4.738120e+02 -7.219862e+01 -3.813573e+02 5.716770e+00 1.656717e-03
6.346085e+00 5.876408e+04 6.160218e+04 3.586695e+04 4.421273e+02 1.771291e+02 -3.461255e+02 5.736316e+00 7.668718e-04
6.346085e+00 8.255875e+04 3.457973e+04 8.453173e+04 -3.552642e+02 -1.040058e+02 2.747556e+02 5.707223e+00 7.922322e-04
6.346085e+00 3.747404e+04 3.992300e+04 6.048439e+04 -4.625774e+01 -1.423715e+02 2.268733e+02 5.834267e+00 6.789624e-03
6.045055e+00 8.526227e+04 2.798787e+04 4.720926e+03 -2.018649e+02 1.269349e+01 3.090614e+02 5.718531e+00 1.280448e-03
6.346085e+00 3.792332e+04 5.098221e+04 2.026819e+04 8.977480e+01 2.323616e+02 2.102483e+02 5.749821e+00 6.881732e-04
6.346085e+00 2.086605e+04 7.286672e+04 9.320555e+04 5.457440e+02 3.459417e+02 3.505934e+02 5.704524e+00 3.432709e-04
6.346085e+00 5.745429e+04 9.317438e+04 4.803732e+04 4.118769e+02 2.815090e+01 -3.472000e+02 5.709420e+00 4.152591e-04
6.045055e+00 8.605477e+04 6.330926e+04 7.700826e+04 -6.351458e+02 -3.839543e+02 -8.179659e+01 5.750693e+00 1.136015e-03
6.346085e+00 3.690844e+03 8.257409e+04 2.454151e+04 -6.493032e+02 -1.022837e+02 -3.869688e+02 5.719857e+00 7.429946e-04
6.346085e+00 5.334143e+03 4.428968e+04 4.858204e+03 -6.626395e+02 -3.948632e+02 -1.465110e+02 5.711568e+00 4.287267e-04
6.346085e+00 2.275046e+04 8.292498e+04 1.155806e+04 2.415289e+02 -1.452388e+02 -1.631212e+02 5.713787e+00 6.182967e-04
6.346085e+00 6.401045e+04 4.458079e+04 5.272680e+04 7.814252e+01 -3.631386e+02 1.370253e+01 5.703984e+00 3.436680e-04
6.346085e+00 6.384249e+04 9.307714e+04 2.151802e+04 1.219617e+02 -6.375021e+02 -2.357079e+02 5.727102e+00 7.044531e-04
6.346085e+00 6.417816e+04 6.361024e+04 5.063655e+04 -6.582017e+00 -2.309679e+02 -4.412571e+02 5.711487e+00 8.540740e-04
6.346085e+00 7.881180e+04 2.654619e+04 8.886173e+04 -5.011157e+01 4.427286e+02 3.038708e+02 5.756125e+00 4.373611e-03
6.346085e+00 7.584735e+04 7.394945e+04 5.801632e+04 -6.481055e+01 -3.303774e+02 1.282173e+02 5.708471e+00 4.172731e-04
6.346085e+00 6.672273e+04 3.140505e+04 6.515962e+04 -3.069379e+02 -3.432093e+01 3.733949e+02 5.709155e+00 6.133825e-04
6.346085e+00 4.796747e+04 3.835755e+04 5.044845e+04 -1.290622e+02 4.367508e+01 6.254796e+02 5.806239e+00 2.894839e-03
6.346085e+00 7.082905e+03 7.306948e+04 2.206196e+04 -1.507591e+02 1.537125e+00 -1.828595e+02 5.715083e+00 8.647652e-04
6.346085e+00 5.549493e+04 7.254977e+04 2.494688e+04 5.493506e+02 -3.595037e+02 -3.827374e+02 5.705622e+00 4.305928e-04
6.346085e+00 2.001968e+04 4.725514e+04 5.976452e+04 5.683210e+02 1.075440e+02 -1.545046e+02 5.705959e+00 4.449720e-04
6.346085e+00 8.183968e+04 8.461072e+04 5.298764e+04 -9.359283e+01 -1.412935e+02 -3.092738e+02 5.708076e+00 8.076677e-04
6.045055e+00 6.349633e+04 3.754659e+04 5.402726e+04 -1.317447e+02 4.070724e+02 -7.769472e+01 5.707994e+00 7.862946e-04
6.045055e+00 7.080119e+04 5.083488e+04 2.691648e+04 2.098714e+02 3.608273e+01 2.510120e+02 5.731092e+00 8.215074e-04
6.346085e+00 8.737576e+03 3.914755e+04 2.884575e+04 7.348309e+02 -7.998206e+01 4.150703e+01 5.717875e+00 1.742965e-03
6.346085e+00 6.558649e+04 1.920052e+04 1.931264e+03 7.549036e+01 -3.566365e+01 -6.752345e+01 5.708432e+00 8.488913e-04
6.346085e+00 2.429329e+04 2.292932e+04 3.774183e+04 -2.315970e+02 3.843073e+02 3.024717e+02 5.721338e+00 2.605206e-03
6.346085e+00 7.836538e+04 3.581133e+04 8.864843e+04 5.771878e+01 -1.658749e+02 -2.928174e+02 5.720355e+00 1.378399e-03
6.045055e+00 8.160655e+04 2.828209e+04 8.264465e+04 -4.447605e+02 4.115027e+02 6.182928e+02 5.707263e+00 4.096089e-04
6.045055e+00 5.040702e+04 9.916858e+04 9.057159e+04 -8.380300e+02 3.978161e+02 2.845652e+02 5.715419e+00 1.453882e-03
6.346085e+00 4.058441e+04 7.757322e+04 1.347421e+04 1.829076e+01 -5.954709e+02 -4.222749e+02 5.734336e+00 1.205637e-03
6.346085e+00 6.691384e+04 1.436725e+04 5.396352e+04 -4.074705e+02 6.950764e+02 -9.019019e+01 5.876763e+00 2.127920e-03
6.346085e+00 6.701556e+04 2.768214e+04 6.149964e+04 -2.812894e+02 4.739658e+02 2.969189e+02 5.711069e+00 3.711673e-03
6.346085e+00 8.475133e+04 6.415912e+04 7.652738e+04 -3.707197e+02 -5.195156e+02 4.642113e+02 5.714452e+00 8.647732e-04
6.045055e+00 2.639729e+04 4.565958e+04 6.287994e+04 7.173497e+02 -2.373377e+02 1.118360e+02 5.777519e+00 1.133184e-03
6.346085e+00 4.616348e+03 9.131566e+04 1.076363e+04 -2.974785e+02 2.843240e+02 4.862469e+01 5.719141e+00 9.953879e-04
6.346085e+00 1.077004e+04 6.738142e+04 3.637443e+04 -5.642927e+02 -2.436978e+02 -4.774631e+02 5.711447e+00 5.972114e-04
6.346085e+00 7.653113e+04 7.405122e+04 5.801402e+04 -4.324911e+02 -4.284346e+02 -1.033025e+02 6.347163e+00 3.281371e-02
6.045055e+00 2.073741e+04 7.156145e+04 9.135170e+04 6.848503e+02 5.823765e+02 4.508035e+02 5.710804e+00 9.095473e-04
6.045055e+00 3.216019e+04 4.102317e+04 7.110692e+04 5.072276e+02 5.285257e+01 -8.649823e+02 5.794702e+00 1.050977e-03
6.045055e+00 2.774163e+04 4.791628e+04 6.737274e+04 3.895096e+02 -8.265980e+02 1.467797e+02 5.762784e+00 1.226497e-03
6.045055e+00 2.652142e+04 8.406391e+04 7.967077e+04 1.478966e+02 2.444618e+02 4.889700e+02 5.747464e+00 1.154533e-03
6.346085e+00 8.103862e+04 1.175021e+04 3.285530e+04 2.052137e+01 -1.101017e+02 -3.932719e+02 5.712496e+00 7.662689e-04
6.045055e+00 8.633160e+04 3.760111e+04 8.806841e+04 -1.771272e+02 1.339734e+00 3.955181e+01 5.712719e+00 1.172873e-03
6.346085e+00 7.434191e+04 7.417229e+04 5.921504e+04 1.609523e+01 -5.044698e+02 -1.183256e+02 5.763069e+00 1.132660e-03
6.346085e+00 4.071477e+04 4.112768e+04 5.703256e+04 2.166191e+02 -1.379783e+02 2.788632e+02 5.715742e+00 2.873049e-03
6.045055e+00 3.632987e+04 3.980273e+04 6.144577e+04 3.950572e+02 4.881639e+02 -2.287288e+02 5.728521e+00 6.395762e-04
6.045055e+00 4.548129e+04 3.984036e+04 5.375060e+04 5.906968e+02 -4.658018e+01 1.776782e+01 5.827450e+00 1.002921e-03
6.045055e+00 5.096478e+04 3.531318e+04 4.890584e+04 8.851337e+00 1.670067e+02 7.519819e+02 5.708514e+00 3.530639e-04
6.346085e+00 4.452634e+04 2.574517e+03 8.838961e+04 2.271401e+02 -1.987659e+02 2.178812e+02 5.717615e+00 3.851102e-03
6.346085e+00 4.467485e+04 8.717495e+04 4.017006e+04 4.495787e+02 -6.745564e+01 -3.667318e+02 5.716322e+00 1.899564e-03
6.346085e+00 6.766218e+03 8.414741e+04 6.932759e+04 -4.144967e+02 -5.821164e+01 4.921471e+02 5.719231e+00 1.480487e-03
6.045055e+00 7.370884e+04 5.829231e+04 3.274978e+04 -1.542271e+02 1.343560e+02 8.500368e+01 5.708084e+00 5.940809e-04
6.346085e+00 4.897693e+04 3.453612e+04 4.984219e+04 1.643467e+02 8.682613e+02 4.998745e+02 5.716774e+00 1.611611e-03
6.346085e+00 2.901912e+04 3.086562e+04 3.354679e+04 -4.924543e+02 4.449480e+02 1.110984e+01 5.711262e+00 1.029014e-03
6.346085e+00 7.113489e+04 7.160910e+04 3.785106e+04 -3.238999e+02 -1.345489e+02 -2.775106e+02 5.706842e+00 5.242385e-04
6.346085e+00 3.815616e+04 3.647905e+04 5.959167e+04 1.232591e+02 3.790177e+02 -2.588440e+02 5.708720e+00 1.742818e-04
6.346085e+00 6.493389e+04 6.453857e+04 4.077898e+04 3.234775e+00 -2.169333e+02 -4.200067e+02 5.822857e+00 2.473689e-03
6.346085e+00 7.393390e+04 7.363220e+04 5.901866e+04 4.642208e+01 -1.771911e+02 -2.076709e+02 5.753758e+00 8.348922e-04
6.045055e+00 5.497340e+04 8.216706e+04 7.887364e+04 -1.753126e+02 9.904903e+01 6.843137e+01 5.710107e+00 6.424493e-04
6.346085e+00 2.426222e+03 8.915655e+04 7.448771e+04 3.233367e+02 -5.400738e+01 -3.032193e+01 5.710876e+00 7.465744e-04
6.346085e+00 9.837155e+04 2.769638e+04 9.957250e+04 -3.016874e+02 -9.984019e+01 1.585281e+02 5.707767e+00 7.522478e-04
6.346085e+00 2.514669e+04 3.593962e+04 5.605102e+04 5.426631e+02 1.192505e+02 4.297786e+01 5.721143e+00 1.815488e-03
6.346085e+00 1.678635e+04 6.100113e+04 6.819219e+04 4.767777e+02 -5.762172e+02 3.003650e+02 5.708379e+00 4.932424e-04
6.346085e+00 8.023778e+02 8.213112e+04 2.415124e+04 -3.076700e+00 -1.288941e+02 -1.990931e+02 5.743087e+00 1.452197e-03
6.346085e+00 3.764522e+04 5.104850e+04 4.666434e+04 -5.247454e+02 -3.397121e+02 2.670194e+02 5.902697e+00 2.085928e-03
6.346085e+00 2.055337e+04 2.247068e+04 1.007581e+03 5.236337e+01 -4.508907e+02 9.827266e+01 5.727546e+00 1.157288e-03
6.346085e+00 9.208884e+04 4.223079e+04 6.156664e+04 -2.231547e+02 -2.366377e+02 9.834684e+01 5.729376e+00 9.532425e-04
6.346085e+00 7.823830e+04 6.178830e+04 2.445793e+04 -2.535426e+02 -1.103820e+02 7.037669e+01 5.709343e+00 8.817737e-04
6.045055e+00 1.310905e+04 8.864654e+04 7.695019e+04 5.722753e+01 9.025365e+01 5.943317e+02 5.716134e+00 1.487880e-03
6.346085e+00 3.811826e+03 7.358675e+03 1.453978e+04 -5.730521e+01 2.335507e+02 -2.604451e+02 5.707753e+00 6.601793e-04
6.346085e+00 2.354733e+04 9.024775e+04 8.721388e+04 9.068425e+02 -1.683712e+02 9.257043e+01 5.726361e+00 6.562986e-04
6.346085e+00 7.895933e+04 1.261500e+04 5.466693e+04 -1.343119e+02 3.630399e+02 1.892865e+02 5.779075e+00 1.853208e-03
6.346085e+00 1.694499e+04 6.674407e+04 1.335638e+03 2.351150e+02 4.375324e+02 -1.700562e+01 5.707043e+00 6.021730e-04
6.346085e+00 1.737294e+04 2.534115e+04 3.961660e+04 -2.977051e+02 1.502179e+02 -1.159730e+02 5.720445e+00 3.679487e-04
6.346085e+00 4.386908e+04 8.817555e+04 8.691633e+04 -4.251372e+02 4.245637e+02 3.692379e+02 5.758775e+00 8.930856e-04
6.346085e+00 6.895342e+03 1.143220e+04 9.975877e+03 -3.460432e+02 2.275068e+02 8.897117e+01 5.886801e+00 2.888636e-03
6.346085e+00 4.163564e+04 1.322141e+04 8.503054e+04 -4.967096e+01 -4.405209e+02 5.275895e+01 5.715976e+00 1.058340e-03
6.346085e+00 4.918434e+04 1.317592e+04 8.458797e+04 -1.116514e+02 -1.806821e+02 3.686891e+02 5.714311e+00 1.005031e-03
6.346085e+00 7.148327e+03 1.080348e+04 1.105496e+04 -2.901622e+02 4.549284e+01 -5.049772e+02 5.839216e+00 2.488588e-03
6.346085e+00 4.292429e+04 8.019684e+03 9.454850e+04 -1.895204e+01 -9.235041e+01 -1.504042e+02 5.742945e+00 1.144922e-03
6.346085e+00 6.922373e+03 1.121168e+04 1.023569e+04 -2.682858e+02 4.099619e+01 8.002003e+00 5.709595e+00 7.535712e-04
6.346085e+00 4.198029e+04 7.805585e+04 6.092228e+03 2.022921e+02 3.737481e+02 6.216888e+01 5.734188e+00 9.771026e-04
6.346085e+00 2.089676e+04 7.185488e+04 9.132894e+04 6.247218e+02 2.203591e+02 3.947066e+02 5.838807e+00 2.529745e-03
6.346085e+00 4.080782e+04 4.217981e+04 6.345131e+04 7.175891e+01 -2.280176e+02 -4.169154e+02 5.781661e+00 2.507413e-03
6.045055e+00 2.860163e+04 2.024931e+04 3.497252e+03 -1.518674e+02 -3.213124e+02 -2.082523e+02 5.725748e+00 7.167581e-04
6.346085e+00 6.787050e+04 1.027466e+04 3.847367e+04 1.797649e+02 5.321824e+02 -1.558193e+02 5.772730e+00 1.869508e-03
6.346085e+00 4.728531e+04 4.167224e+04 6.225357e+04 -2.358520e+02 -5.407355e+01 -4.586133e+02 5.708661e+00 6.048435e-04
6.045055e+00 1.490763e+04 4.610974e+04 6.836902e+04 7.478757e+02 1.597316e+01 -4.553648e+01 5.706138e+00 1.236990e-03
6.346085e+00 7.785118e+04 7.027659e+04 6.196064e+04 -4.492465e+01 3.698261e+02 -4.293940e+02 5.749740e+00 1.131801e-03
6.346085e+00 6.866148e+04 3.754598e+04 6.880877e+04 -3.011314e+02 1.196842e+02 -2.433077e+01 5.708201e+00 3.053330e-04
6.346085e+00 1.552229e+04 3.209320e+04 4.335980e+04 8.985500e+02 -8.068452e+01 6.592015e-01 5.844947e+00 4.341562e-03
6.346085e+00 5.501495e+04 1.641874e+04 9.696664e+04 1.703223e+02 -5.281108e+02 -4.733221e+02 5.707809e+00 6.427333e-04
6.346085e+00 4.051518e+04 8.815422e+03 9.742754e+04 3.388544e+01 -9.844972e+01 -2.966348e+02 5.792127e+00 1.774151e-03
6.045055e+00 9.741345e+04 9.123516e+04 5.263353e+04 -5.374988e+02 1.979648e+02 -2.206978e+02 5.709171e+00 6.596720e-04
6.346085e+00 4.310795e+04 3.911220e+04 5.414704e+04 -2.460806e+02 -1.328931e+02 2.074048e+02 5.760225e+00 9.388806e-04
6.346085e+00 3.027663e+04 8.889921e+04 8.617903e+04 2.964194e+02 5.948895e+02 4.612132e+02 6.146317e+00 1.060704e-02
6.346085e+00 2.143039e+04 3.547913e+04 3.599948e+04 5.188033e+02 -2.862873e+02 4.529859e+02 5.735928e+00 1.181509e-03
6.346085e+00 4.214260e+04 3.862888e+04 5.541568e+04 2.491444e+02 4.128757e+02 -1.640998e+02 5.811897e+00 9.128328e-04
6.346085e+00 6.515977e+04 2.990068e+04 6.442658e+04 -4.118005e+02 2.704655e+02 -8.864783e+01 5.730083e+00 9.073839e-04
6.045055e+00 7.915141e+04 1.922896e+04 1.446065e+04 -4.101863e+01 -2.193491e+02 -9.701022e+01 5.755284e+00 1.113274e-03
6.045055e+00 6.483361e+04 9.638327e+04 9.395424e+03 3.046911e+02 -8.399048e+01 5.097106e+01 5.715649e+00 8.519421e-04
6.346085e+00 9.403380e+04 4.321324e+04 9.111562e+04 1.068966e+01 -3.631727e+02 1.867217e+02 5.761941e+00 9.299585e-04
6.045055e+00 8.035418e+04 1.106470e+04 2.903734e+04 -1.552791e+02 1.960465e+02 -3.351759e+01 5.716619e+00 2.320579e-03
6.346085e+00 6.251622e+04 8.830217e+04 2.145438e+04 -2.514945e+02 -1.250336e+02 1.200319e+02 5.712402e+00 2.629082e-04
6.346085e+00 2.785378e+04 9.330874e+04 8.429120e+04 8.119124e+02 -4.037029e+02 7.155895e+02 5.713664e+00 8.763214e-04
6.346085e+00 2.532801e+04 4.161275e+04 2.450020e+04 3.903251e+02 -5.368068e+02 5.133813e+02 5.718632e+00 1.519264e-03
6.346085e+00 5.538260e+04 6.362402e+04 8.091565e+04 1.957397e+02 -2.428190e+02 5.868438e+01 5.712008e+00 3.968914e-04
6.346085e+00 2.112286e+04 3.658813e+04 3.494234e+04 4.065341e+01 -1.966336e+01 3.975103e+02 5.727933e+00 5.844260e-04
6.045055e+00 7.166659e+04 7.203104e+04 3.487760e+04 -1.464205e+02 -2.756511e+02 8.855866e+01 5.782460e+00 3.119564e-03
6.045055e+00 6.692520e+04 3.296472e+04 6.572666e+04 -3.839617e+02 -1.037890e+02 -4.617725e+02 5.710233e+00 7.150035e-04
6.346085e+00 7.808287e+04 7.198861e+04 3.535286e+04 -4.595731e+02 7.164638e+00 3.775958e+02 5.706960e+00 4.741271e-04
6.346085e+00 5.046947e+04 3.524263e+04 5.336009e+04 -2.923369e+02 4.753459e+02 -5.025076e+01 5.724425e+00 4.995429e-04
6.346085e+00 5.113512e+04 3.280635e+03 8.907956e+04 -6.332282e+02 2.150697e+02 4.691659e+02 5.707399e+00 5.927564e-04
6.346085e+00 5.549929e+03 4.489286e+04 9.924938e+04 -2.240600e+02 -5.044572e+01 4.122689e+02 6.124299e+00 9.148664e-03
6.045055e+00 3.301944e+04 4.145537e+04 6.987800e+04 1.618432e+02 -1.590459e+02 -7.439326e+02 5.715765e+00 1.330717e-03
6.346085e+00 4.640871e+04 9.040873e+04 8.046021e+03 9.295932e+01 -2.668488e+02 -2.488407e+02 5.736256e+00 7.130799e-04
6.346085e+00 8.979869e+04 5.460824e+04 4.668846e+04 -5.543100e+02 4.054167e+02 -1.613580e+02 5.750348e+00 1.857569e-03
6.045055e+00 5.274725e+04 8.699017e+04 1.040508e+04 -6.254922e+02 1.918798e+02 3.096409e+02 5.749919e+00 1.532590e-03
6.045055e+00 1.692123e+04 2.455081e+04 9.905674e+02 2.192610e+02 -2.022669e+02 4.308139e+01 5.717124e+00 2.292803e-03
6.045055e+00 4.578580e+04 4.182855e+04 6.389215e+04 -1.121282e+02 3.855332e+01 -8.456656e+02 5.762239e+00 1.227907e-03
6.346085e+00 6.246046e+04 8.847155e+04 2.187538e+04 -2.096486e+02 -6.032211e+01 -3.566573e+02 5.704815e+00 4.737243e-04
6.346085e+00 4.982130e+04 1.914464e+04 8.921281e+03 2.096263e+02 1.382597e+02 -8.363224e+01 5.708116e+00 4.911644e-04
6.346085e+00 6.925830e+04 3.796796e+04 6.887084e+04 -3.664450e+02 5.296025e+02 4.190239e+02 5.716650e+00 1.288408e-04
6.346085e+00 6.586835e+04 3.037124e+04 6.521957e+04 -2.004170e+02 9.170328e+01 -3.927779e+02 5.716362e+00 1.015098e-03
6.045055e+00 2.539312e+04 7.309070e+04 9.873867e+04 -1.759622e+02 7.441300e+02 4.228593e+00 5.712109e+00 9.638659e-04
6.346085e+00 4.407098e+04 4.148872e+04 5.951304e+04 -8.974678e-02 -3.502260e+02 -1.352039e+02 5.708252e+00 2.184090e-03
6.346085e+00 5.499451e+04 5.529465e+04 2.149441e+04 -3.334460e+02 7.810974e+02 2.693347e+02 5.718653e+00 1.097848e-03
6.346085e+00 1.993094e+04 4.757568e+04 5.966142e+04 5.994081e+02 1.076665e+00 -1.049283e+02 5.861918e+00 7.226917e-04
6.346085e+00 2.219690e+04 4.216703e+04 4.528640e+04 3.467661e+02 -3.060080e+02 9.208336e+01 5.731891e+00 4.796126e-04
6.346085e+00 6.382418e+04 2.943500e+04 6.759282e+04 8.655576e+01 2.432245e+02 -2.911375e+02 5.741515e+00 9.652315e-04
6.346085e+00 1.879454e+04 4.903253e+04 5.950383e+04 7.170918e+02 -7.786350e+02 9.085612e+01 5.732777e+00 3.731534e-04
6.346085e+00 4.738823e+04 9.072899e+04 9.100312e+03 4.273925e+02 -4.348358e+02 -8.160670e+02 5.805211e+00 2.305916e-03
6.346085e+00 3.580798e+04 4.648280e+04 3.436449e+04 -1.999193e+02 1.566899e+02 2.578081e+02 5.716090e+00 1.135092e-03
6.045055e+00 8.716227e+04 5.832317e+04 7.682338e+04 -1.409133e+02 1.004447e+02 1.436933e+02 5.723475e+00 1.030697e-03
6.346085e+00 2.440579e+04 8.501523e+04 1.972100e+04 -1.990370e+02 -2.176165e+02 -6.781728e+02 5.717279e+00 1.026560e-03
6.346085e+00 2.301163e+04 4.125899e+04 4.554732e+04 2.811999e+01 -5.672567e+01 3.814230e+01 5.707210e+00 6.960574e-04
6.346085e+00 3.289889e+04 4.143566e+04 6.942409e+04 3.223494e+01 -2.422917e+01 -9.599662e+01 5.766520e+00 1.051121e-03
6.346085e+00 3.330566e+04 9.568109e+04 6.400907e+04 2.487047e+02 2.928069e+02 6.665002e+02 5.748470e+00 1.398603e-03
6.346085e+00 8.070141e+04 2.617846e+04 8.914741e+04 -7.471863e+02 6.814752e+02 -1.020022e+00 5.718144e+00 3.780938e-03
6.346085e+00 1.992117e+04 3.484195e+04 4.616625e+04 4.438854e+02 4.029516e+02 -5.744841e+02 5.707462e+00 2.128260e-03
6.346085e+00 9.566152e+04 9.677386e+04 4.654579e+04 -5.343026e+02 3.615683e+01 -4.397061e+02 5.711883e+00 1.215051e-03
6.346085e+00 7.050461e+04 1.666157e+04 9.803627e+04 -3.193727e+02 5.125840e+02 3.628928e+02 5.713603e+00 1.001864e-03
6.346085e+00 6.438645e+04 6.450946e+04 4.074001e+04 4.937947e+02 8.235323e+01 -4.859119e+02 5.707933e+00 7.195237e-04
6.045055e+00 8.035768e+04 1.238453e+04 2.712900e+04 -2.707483e+02 -2.132588e+02 -1.914166e+02 5.722723e+00 1.327688e-03
6.346085e+00 4.965586e+04 2.924455e+04 5.844662e+04 1.312355e+02 6.953480e+02 -2.309167e+02 5.706810e+00 8.307106e-04
6.346085e+00 5.731606e+04 1.080781e+04 7.072516e+04 -2.300055e+02 4.219178e+02 8.892546e+01 5.717755e+00 1.557618e-03
6.346085e+00 2.289621e+04 2.066101e+04 6.228250e+02 -9.677428e+01 2.301362e+01 2.534112e+02 5.770052e+00 1.729311e-03
6.346085e+00 7.791183e+04 5.608700e+04 4.886926e+04 -4.945738e+02 -9.888096e+01 -2.117810e+02 5.713029e+00 1.306576e-03
6.346085e+00 9.202048e+04 4.195712e+04 6.145486e+04 -1.516637e+02 2.861238e+02 2.623826e+02 5.745313e+00 5.570485e-04
6.346085e+00 1.958986e+04 3.501977e+04 4.537591e+04 9.900195e+01 -3.959676e+02 -3.481874e+02 5.710472e+00 7.796990e-04
6.045055e+00 1.206414e+04 8.314422e+04 9.885400e+04 7.811840e+01 -1.719530e+02 3.348268e+02 5.810562e+00 1.728302e-03
6.346085e+00 2.035334e+04 5.298211e+04 4.628909e+03 7.351292e+02 1.893730e+02 9.589085e+01 5.844434e+00 3.087368e-03
6.346085e+00 1.731591e+04 6.812712e+04 9.968795e+04 3.833958e+02 2.208686e+02 1.633642e+02 5.746719e+00 1.477162e-03
6.346085e+00 6.692843e+04 1.435739e+04 5.353142e+04 -3.001329e+02 8.196660e+02 3.141286e+02 5.705889e+00 5.451713e-04
6.346085e+00 4.418046e+04 9.524902e+04 5.264603e+03 2.458689e+02 -2.978749e+02 -5.717153e+02 5.766838e+00 1.963372e-03
6.045055e+00 7.864227e+04 1.947359e+04 3.664546e+04 -5.205051e-01 -4.735299e+01 -2.246626e+02 5.723587e+00 7.768712e-04
6.045055e+00 7.076671e+03 1.064559e+04 1.122577e+04 -5.260592e+01 2.358651e+02 -1.829791e+02 5.759883e+00 1.169478e-03
6.045055e+00 2.250564e+04 4.042266e+04 2.677813e+04 5.248900e+02 1.398282e+02 1.962505e+02 5.712662e+00 1.380090e-03
6.346085e+00 1.358835e+04 2.244685e+04 3.909250e+04 7.083228e+02 4.768485e+02 7.631611e+01 5.725379e+00 2.194167e-03
6.346085e+00 4.035833e+04 5.733929e+04 7.892052e+04 1.074596e+02 -4.340112e+02 -3.018637e+02 5.711503e+00 1.240471e-03
6.045055e+00 6.944842e+04 3.742963e+04 3.430519e+04 -9.864139e+01 -9.511064e+01 -1.236891e+02 5.742821e+00 1.167947e-03
6.045055e+00 7.914662e+04 2.273175e+04 6.215470e+04 -3.432463e+01 9.668827e+00 1.856817e+02 5.710720e+00 7.668968e-04
6.346085e+00 6.549748e+04 4.709805e+04 7.066168e+04 1.432627e+02 -4.365340e+02 9.655415e+00 5.770535e+00 2.860167e-03
6.346085e+00 4.440261e+04 6.103506e+04 2.546468e+04 2.678564e+02 1.411113e+02 -6.018796e+02 5.705597e+00 4.161848e-04
6.346085e+00 5.189057e+04 3.831875e+04 4.861303e+04 -7.180557e+01 8.592622e+00 1.243397e+03 5.713486e+00 9.647291e-04
