6.346085e+00 6.928370e+04 7.318657e+03 6.234426e+04 -1.262718e+02 2.508278e+02 -1.187213e+02 5.773631e+00 2.096481e-03
6.346085e+00 5.633917e+03 4.489673e+04 9.912130e+04 -4.387896e+02 6.184895e+01 4.238669e+02 5.800748e+00 2.888343e-03
6.346085e+00 7.669807e+04 7.414851e+04 5.801800e+04 -5.020145e+02 -1.198660e+02 -1.206327e+01 5.720621e+00 1.477815e-02
6.346085e+00 6.938801e+04 7.394107e+03 6.230255e+04 -2.510215e+02 1.537327e+02 2.689587e+02 5.878929e+00 3.032090e-03
6.346085e+00 6.110352e+04 9.039933e+04 2.074431e+04 9.808885e+01 -5.364426e+02 -9.598170e+01 5.721424e+00 1.476840e-03
6.346085e+00 6.031894e+04 8.970119e+04 2.289081e+04 4.738968e+01 -6.472313e+02 -1.265121e+02 5.711285e+00 1.208170e-03
6.346085e+00 3.851709e+04 4.375353e+04 6.533942e+04 1.901720e+02 -5.768738e+02 -3.777823e+02 5.712886e+00 3.660462e-03
6.346085e+00 3.745377e+04 3.990882e+04 6.040807e+04 2.335638e+02 -9.074326e+01 1.308158e+02 5.701791e+00 2.785258e-04
6.346085e+00 3.018481e+04 8.870441e+04 8.601159e+04 3.993508e+02 5.133966e+02 2.561507e+02 5.716345e+00 3.003523e-03
6.346085e+00 7.351176e+04 4.235326e+04 3.772195e+04 -4.485985e+02 7.551685e+01 -1.163291e+02 5.721935e+00 8.383828e-04
6.346085e+00 1.038126e+04 9.799978e+03 9.766133e+04 4.212975e+02 -1.306816e+02 4.173593e+02 5.777844e+00 1.713969e-02
6.346085e+00 1.689801e+04 2.519772e+04 4.026657e+04 1.335098e+02 3.454566e+02 -3.386811e+01 5.705066e+00 6.778293e-04
6.346085e+00 3.706884e+04 3.977204e+04 6.067453e+04 5.958339e+02 1.094178e+02 -2.372693e+02 5.748611e+00 1.421459e-03
6.346085e+00 3.783603e+04 4.357039e+04 6.866352e+04 1.133394e+02 -6.328286e+02 -5.113574e+02 5.708335e+00 9.499650e-04
6.346085e+00 2.065362e+04 7.175887e+04 9.118297e+04 6.303337e+02 4.423587e+02 4.100847e+02 5.703908e+00 6.749297e-04
6.346085e+00 4.610670e+04 4.006833e+04 5.339388e+04 -2.967756e+02 1.670666e+01 -5.827019e+01 5.702745e+00 2.765635e-04
6.045055e+00 4.531508e+04 3.989646e+04 5.372964e+04 4.175589e+02 -1.646532e+02 2.165517e+02 5.706129e+00 3.830818e-03
6.346085e+00 3.873438e+04 8.693316e+04 2.459018e+04 4.423427e+02 -2.120155e+02 -7.424459e+02 5.726596e+00 1.176885e-03
